2 4 7 8 1 2
3 4 5 9 8 1
4 5 6 8 9 1
8 4 3 2 1 0
9 8 12 2 1 9
3 4 2 4 1 5
8 6 14 2 8 9
1 3 4 5 9 8
0 8 1 1 1 1
0 9 1 1 1 1
0 12 1 1 1 0
0 14 2 1 1 0
1 2 1 1 1 1
0 3 2 1 1 0
3 2 1 4 1 0
1 2 3 1 1 1
15 8 23 3 2 1
8 8 3 1 2 4
7 9 3 2 1 2
9 18 3 21 2 1
81 2 3 48 32 1
13 22 3 6 18 2
1 33 4 22 1 12
0 3 2 1 1 0
3 2 1 4 1 0
1 2 3 1 1 1
15 8 23 3 2 1
8 8 3 1 2 4
7 9 3 2 1 2
9 18 3 21 2 1
81 2 3 48 32 1
13 22 3 6 18 2
1 33 4 22 1 12
0 3 2 1 1 0
3 2 1 4 1 0
1 2 3 1 1 1
15 8 23 3 2 1
8 8 3 1 2 4
7 9 3 2 1 2
9 18 3 21 2 1
81 2 3 48 32 1
13 22 3 6 18 2
1 33 4 22 1 12
15 8 23 3 2 1
8 8 3 1 2 4
7 9 3 2 1 2
9 18 3 21 2 1
81 2 3 48 32 1
13 22 3 6 18 2
1 33 4 22 1 12
0 3 2 1 1 0
3 2 1 4 1 0
15 8 23 3 2 1
8 8 3 1 2 4
7 9 3 2 1 2
9 18 3 21 2 1
81 2 3 48 32 1
13 22 3 6 18 2
1 33 4 22 1 12
0 3 2 1 1 0
3 2 1 4 1 0
15 8 23 3 2 1
8 8 3 1 2 4
7 9 3 2 1 2
9 18 3 21 2 1
81 2 3 48 32 1
13 22 3 6 18 2
1 33 4 22 1 12
0 3 2 1 1 0
3 2 1 4 1 0
15 8 23 3 2 1
8 8 3 1 2 4
7 9 3 2 1 2
9 18 3 21 2 1
81 2 3 48 32 1
13 22 3 6 18 2
1 33 4 22 1 12
0 3 2 1 1 0
3 2 1 4 1 0
7 9 3 2 1 2
9 18 3 21 2 1
81 2 3 48 32 1
13 22 3 6 18 2
1 33 4 22 1 12
0 3 2 1 1 0
3 2 1 4 1 0
15 8 23 3 2 1
8 8 3 1 2 4
7 9 3 2 1 2
9 18 3 21 2 1
81 2 3 48 32 1
13 22 3 6 18 2
1 33 4 22 1 12
0 3 2 1 1 0
3 2 1 4 1 0
15 8 23 3 2 1
8 8 3 1 2 4
7 9 3 2 1 2
7 9 3 2 1 2
9 18 3 21 2 1
81 2 3 48 32 1
13 22 3 6 18 2
1 33 4 22 1 12
0 3 2 1 1 0
3 2 1 4 1 0
15 8 23 3 2 1
8 8 3 1 2 4
7 9 3 2 1 2
9 18 3 21 2 1
81 2 3 48 32 1
13 22 3 6 18 2
1 33 4 22 1 12
0 3 2 1 1 0
3 2 1 4 1 0
15 8 23 3 2 1
8 8 3 1 2 4
7 9 3 2 1 2
7 9 3 2 1 2
9 18 3 21 2 1
81 2 3 48 32 1
13 22 3 6 18 2
1 33 4 22 1 12
0 3 2 1 1 0
3 2 1 4 1 0
15 8 23 3 2 1
8 8 3 1 2 4
7 9 3 2 1 2
9 18 3 21 2 1
81 2 3 48 32 1
13 22 3 6 18 2
1 33 4 22 1 12
0 3 2 1 1 0
3 2 1 4 1 0
15 8 23 3 2 1
8 8 3 1 2 4
7 9 3 2 1 2
7 9 3 2 1 2
9 18 3 21 2 1
81 2 3 48 32 1
13 22 3 6 18 2
1 33 4 22 1 12
0 3 2 1 1 0
3 2 1 4 1 0
15 8 23 3 2 1
8 8 3 1 2 4
7 9 3 2 1 2
9 18 3 21 2 1
81 2 3 48 32 1
13 22 3 6 18 2
1 33 4 22 1 12
0 3 2 1 1 0
3 2 1 4 1 0
15 8 23 3 2 1
8 8 3 1 2 4
7 9 3 2 1 2
7 9 3 2 1 2
9 18 3 21 2 1
81 2 3 48 32 1
13 22 3 6 18 2
1 33 4 22 1 12
0 3 2 1 1 0
3 2 1 4 1 0
15 8 23 3 2 1
8 8 3 1 2 4
7 9 3 2 1 2
9 18 3 21 2 1
81 2 3 48 32 1
13 22 3 6 18 2
1 33 4 22 1 12
0 3 2 1 1 0
3 2 1 4 1 0
15 8 23 3 2 1
8 8 3 1 2 4
7 9 3 2 1 2
7 9 3 2 1 2
9 18 3 21 2 1
81 2 3 48 32 1
13 22 3 6 18 2
1 33 4 22 1 12
0 3 2 1 1 0
3 2 1 4 1 0
15 8 23 3 2 1
8 8 3 1 2 4
7 9 3 2 1 2
9 18 3 21 2 1
81 2 3 48 32 1
13 22 3 6 18 2
1 33 4 22 1 12
0 3 2 1 1 0
3 2 1 4 1 0
15 8 23 3 2 1
8 8 3 1 2 4
7 9 3 2 1 2